7 0.265766 0.941989 0.074902 0.060000
7 0.849143 0.271917 0.074509 0.061056
5 0.830760 0.407211 0.095787 0.009267
7 0.106319 0.539333 0.074902 0.060000
5 0.811919 0.767314 0.075062 0.013028
7 0.164034 0.271517 0.086355 0.064500
5 0.177801 0.773269 0.101692 0.011850
5 0.812601 0.693175 0.062224 0.007572
5 0.753329 0.651919 0.043324 0.010583
7 0.687392 0.872231 0.086358 0.064506
5 0.264775 0.832861 0.092135 0.010544
7 0.064066 0.361581 0.074081 0.061828
7 0.952744 0.481578 0.082424 0.065289
5 0.177142 0.716867 0.079032 0.008267
0 0.263085 0.718475 0.085612 0.083283
5 0.152910 0.456300 0.132417 0.009067
0 0.512710 0.446492 0.087683 0.085961
5 0.845352 0.740506 0.120935 0.011078
7 0.106719 0.839328 0.074902 0.060000
7 0.878597 0.672778 0.073652 0.060111
5 0.227737 0.352192 0.101307 0.009717
5 0.751117 0.839375 0.107112 0.009883
5 0.801798 0.362708 0.094306 0.008950
7 0.099561 0.716778 0.074902 0.060000
5 0.848824 0.467325 0.130021 0.006028
5 0.268161 0.356931 0.072660 0.011306
7 0.942824 0.759889 0.074652 0.060222
5 0.184002 0.497028 0.094630 0.006611
7 0.778436 0.594703 0.073688 0.057850
5 0.730020 0.805467 0.065537 0.009400
5 0.165462 0.406225 0.130475 0.008039
7 0.283422 0.271442 0.086708 0.058894
7 0.871117 0.828111 0.072403 0.060778
7 0.771623 0.950358 0.082103 0.059506
7 0.913158 0.372150 0.073292 0.066811
7 0.050696 0.460222 0.073688 0.059667
3 0.264852 0.450722 0.073938 0.059111
3 0.742717 0.449194 0.073295 0.058833
3 0.742521 0.716611 0.073331 0.059000
5 0.264370 0.577278 0.007640 0.196444
5 0.386755 0.451556 0.170154 0.020000
5 0.631310 0.448333 0.148733 0.017000
5 0.505248 0.714833 0.398072 0.019667
