5 0.872602 0.552320 0.006361 0.041737
7 0.058089 0.250526 0.096449 0.042105
3 0.806028 0.389890 0.090355 0.046360
0 0.595024 0.959298 0.104559 0.049123
5 0.120982 0.324421 0.007584 0.051237
7 0.931039 0.422456 0.093643 0.042105
5 0.125627 0.256559 0.010815 0.073224
7 0.062231 0.302675 0.090706 0.047544
5 0.872861 0.601375 0.005169 0.058873
7 0.911903 0.478158 0.088426 0.048246
7 0.058089 0.698443 0.096449 0.046711
5 0.872891 0.400875 0.005169 0.038671
3 0.807234 0.127259 0.093468 0.048904
0 0.194915 0.563158 0.082069 0.049123
7 0.912845 0.076623 0.091451 0.045175
5 0.865149 0.433241 0.005169 0.063421
3 0.191692 0.303004 0.091758 0.045395
5 0.124117 0.302634 0.006190 0.030838
5 0.120480 0.677213 0.005169 0.054311
3 0.806883 0.566996 0.090662 0.047149
0 0.368566 0.301316 0.085927 0.045789
3 0.192569 0.696491 0.092021 0.045263
5 0.188529 0.259090 0.010815 0.039346
5 0.839687 0.088482 0.005169 0.054526
5 0.220265 0.252035 0.009281 0.059860
7 0.084546 0.196952 0.093249 0.047237
5 0.806265 0.083066 0.008943 0.037640
7 0.059842 0.749408 0.096449 0.044342
5 0.121396 0.281592 0.006633 0.048649
0 0.587681 0.566316 0.115739 0.049123
5 0.124334 0.697539 0.005169 0.031649
5 0.121979 0.717693 0.005169 0.054140
7 0.940158 0.538246 0.096449 0.042105
7 0.934897 0.590877 0.096449 0.042105
5 0.864592 0.362417 0.003678 0.046079
7 0.927883 0.645263 0.096449 0.042105
0 0.455020 0.391689 0.090048 0.047325
5 0.873251 0.578763 0.005169 0.040798
7 0.933143 0.371579 0.096449 0.042105
5 0.870057 0.380792 0.003963 0.029531
7 0.184349 0.216711 0.096449 0.044649
0 0.805129 0.257522 0.115739 0.045658
3 0.192569 0.960921 0.089566 0.046579
7 0.061596 0.354035 0.096449 0.042105
3 0.586892 0.257917 0.088821 0.046974
0 0.193117 0.825965 0.115739 0.049123
0 0.581982 0.127719 0.097326 0.049123
2 0.280921 0.213566 0.090574 0.045307
2 0.806580 0.039621 0.093810 0.046925
2 0.893919 0.321173 0.093810 0.046925
2 0.060142 0.644680 0.088957 0.046693
5 0.697282 0.126667 0.125910 0.009035
5 0.588382 0.189846 0.008943 0.078202
5 0.501491 0.301250 0.174222 0.013553
5 0.632705 0.390921 0.257168 0.010702
5 0.805053 0.195553 0.008834 0.077316
5 0.806949 0.323421 0.004779 0.084123
5 0.694292 0.479408 0.233862 0.014518
5 0.192701 0.431711 0.010741 0.201930
5 0.193078 0.624213 0.010513 0.071934
5 0.309404 0.360702 0.010329 0.200430
5 0.281609 0.302379 0.082727 0.011776
5 0.191320 0.759583 0.009996 0.078114
5 0.192788 0.892412 0.008900 0.083158
5 0.805042 0.780636 0.009996 0.374956
5 0.390596 0.961031 0.300088 0.008026
