3 0.675053 0.222544 0.133387 0.066343
3 0.288359 0.420762 0.096194 0.064721
3 0.468560 0.572055 0.094908 0.063110
3 0.633371 0.782413 0.132106 0.063105
3 0.827680 0.567201 0.133387 0.063110
3 0.120984 0.577718 0.141083 0.064727
0 0.320424 0.584192 0.137235 0.100326
0 0.389682 0.791311 0.137235 0.090610
0 0.636578 0.585000 0.133387 0.095465
0 0.843071 0.709596 0.133387 0.092238
0 0.478187 0.429669 0.133387 0.095465
0 0.476263 0.245201 0.126977 0.118122
7 0.610931 0.095523 0.096194 0.061488
7 0.721233 0.084198 0.093627 0.061488
7 0.120991 0.404587 0.096194 0.064721
7 0.166521 0.328535 0.079521 0.051779
7 0.175500 0.244392 0.069258 0.045308
7 0.264636 0.254904 0.067982 0.043680
7 0.044037 0.683715 0.078240 0.050163
7 0.171654 0.718512 0.076949 0.048558
7 0.660316 0.964456 0.076945 0.055017
7 0.952090 0.502485 0.088512 0.053401
7 0.745145 0.968974 0.077940 0.051506
7 0.725081 0.898924 0.065415 0.050163
2 0.341592 0.275948 0.075673 0.050163
2 0.828968 0.135980 0.096194 0.064727
2 0.951454 0.614134 0.084650 0.050163
2 0.568606 0.916724 0.078235 0.053401
2 0.089567 0.746820 0.082083 0.050163
2 0.468567 0.684523 0.078240 0.051779
5 0.204348 0.418174 0.071820 0.009360
5 0.214350 0.382369 0.007041 0.085831
5 0.247465 0.319529 0.006820 0.156651
5 0.287147 0.327791 0.005336 0.096337
5 0.304931 0.343648 0.005106 0.085401
5 0.628076 0.157006 0.005857 0.062616
5 0.689200 0.151044 0.006853 0.076145
5 0.751853 0.172378 0.003438 0.072628
5 0.903661 0.530215 0.007369 0.033581
5 0.905975 0.586849 0.025802 0.009349
5 0.688475 0.844759 0.005217 0.062436
5 0.680813 0.878494 0.003811 0.141209
5 0.643408 0.874654 0.005829 0.115738
5 0.597756 0.851471 0.004719 0.085035
5 0.155348 0.651468 0.005304 0.076134
5 0.106906 0.665250 0.013313 0.111535
5 0.075302 0.634343 0.006346 0.057407
5 0.468002 0.631416 0.010226 0.046773
7 0.625030 0.357651 0.075673 0.051779
7 0.611565 0.427230 0.076954 0.051785
7 0.694290 0.496808 0.078240 0.051779
7 0.834733 0.822052 0.064129 0.051779
7 0.924512 0.803442 0.087217 0.050163
7 0.383908 0.902273 0.080802 0.053151
7 0.297336 0.892442 0.079521 0.053395
5 0.374122 0.421866 0.071286 0.012895
5 0.558339 0.425613 0.021802 0.012948
5 0.541866 0.573343 0.052396 0.015988
5 0.227159 0.574273 0.058641 0.014035
5 0.507770 0.775000 0.112682 0.017907
5 0.373154 0.320390 0.130502 0.008233
5 0.556763 0.321180 0.160290 0.011767
5 0.565044 0.378160 0.035618 0.011773
5 0.670025 0.536613 0.006106 0.040029
5 0.619355 0.691904 0.013825 0.103831
5 0.830078 0.771093 0.009889 0.042535
5 0.888249 0.757387 0.042931 0.010750
5 0.380512 0.854855 0.012829 0.039942
5 0.330751 0.837506 0.061051 0.008430
5 0.463431 0.508948 0.015387 0.050163
5 0.248032 0.689846 0.176129 0.015645
4 0.399735 0.570262 0.035046 0.012849
4 0.825258 0.631192 0.018240 0.063081
4 0.748940 0.754166 0.098065 0.017797
4 0.566191 0.222657 0.072862 0.018314
