7 0.037111 0.106043 0.074221 0.121360
7 0.106252 0.057500 0.051496 0.088990
7 0.165767 0.043744 0.051489 0.087383
7 0.749836 0.065589 0.048634 0.082526
7 0.802756 0.050220 0.049588 0.084145
7 0.858542 0.063970 0.052443 0.085764
7 0.371740 0.919929 0.095359 0.160142
7 0.481405 0.920738 0.093450 0.158523
2 0.222981 0.050220 0.057214 0.097098
2 0.923863 0.093925 0.062931 0.097124
2 0.954302 0.223361 0.091397 0.148873
2 0.849004 0.539702 0.094405 0.153731
3 0.725042 0.788083 0.189763 0.197409
3 0.767374 0.292843 0.188611 0.191127
3 0.145263 0.290512 0.187855 0.189313
0 0.458515 0.290512 0.108710 0.182837
0 0.416561 0.681289 0.108710 0.184469
5 0.075737 0.170699 0.034863 0.019948
5 0.113466 0.145596 0.008611 0.094197
5 0.153443 0.140751 0.009832 0.106995
5 0.204034 0.142047 0.010527 0.097720
5 0.756607 0.154145 0.010450 0.084223
5 0.802443 0.142940 0.007634 0.100130
5 0.842378 0.165674 0.007397 0.114715
5 0.886489 0.229793 0.045344 0.017617
5 0.880149 0.166269 0.012573 0.087021
5 0.797725 0.645363 0.009847 0.105492
5 0.453031 0.815175 0.008870 0.067396
5 0.406576 0.813880 0.006924 0.073148
5 0.595344 0.287953 0.147817 0.019430
5 0.319767 0.292940 0.156802 0.019301
5 0.280225 0.534676 0.014298 0.369611
5 0.551084 0.733931 0.149573 0.022940
