5 0.702612 0.495448 0.201101 0.006838
5 0.774881 0.144051 0.130774 0.012536
5 0.836071 0.181737 0.094048 0.009340
5 0.303958 0.518245 0.173080 0.006081
5 0.211853 0.147731 0.117173 0.008874
7 0.346618 0.884190 0.192329 0.056081
5 0.679576 0.516883 0.171369 0.004177
7 0.809401 0.545309 0.136362 0.035024
7 0.337128 0.649548 0.137798 0.036553
0 0.187381 0.436025 0.165565 0.082335
5 0.278951 0.180306 0.118289 0.005490
5 0.357459 0.550754 0.168222 0.004858
7 0.727976 0.863951 0.176042 0.050347
8 0.494319 0.588176 0.206644 0.110514
3 0.489844 0.433287 0.227307 0.106741
5 0.710491 0.181577 0.129583 0.006518
7 0.171838 0.522554 0.185193 0.055949
2 0.227679 0.598888 0.189137 0.059625
2 0.639479 0.131261 0.160625 0.045566
7 0.886949 0.127721 0.187842 0.059653
2 0.102682 0.128040 0.159665 0.053440
0 0.771488 0.442988 0.161429 0.085949
5 0.153824 0.181776 0.093289 0.009166
5 0.282842 0.478440 0.187188 0.006692
3 0.799926 0.261640 0.226339 0.104239
3 0.202976 0.262022 0.223512 0.106532
7 0.348921 0.128249 0.178795 0.057331
7 0.765778 0.056602 0.178415 0.050382
0 0.504129 0.262995 0.156622 0.085685
1 0.489658 0.749826 0.195268 0.098124
7 0.676224 0.374663 0.110424 0.045837
5 0.370238 0.262300 0.105506 0.013968
5 0.647805 0.443329 0.083854 0.010215
5 0.493862 0.511188 0.014658 0.046977
5 0.526239 0.844663 0.007850 0.111313
5 0.417150 0.826716 0.008765 0.115671
5 0.603769 0.818218 0.006510 0.177894
4 0.325893 0.433252 0.107292 0.014107
4 0.491257 0.672029 0.015551 0.055108
4 0.635789 0.262126 0.103125 0.021960
4 0.767560 0.357436 0.016071 0.082905
5 0.712080 0.412352 0.007448 0.033141
4 0.193638 0.354826 0.013021 0.079924
9 0.758069 0.601063 0.154189 0.072814
9 0.220126 0.059805 0.135134 0.061487
10 0.568359 0.919837 0.194040 0.063106
