7 0.939547 0.347372 0.085617 0.077188
0 0.522836 0.596485 0.100469 0.089474
7 0.225998 0.324560 0.079920 0.077188
7 0.431500 0.801754 0.079912 0.077200
7 0.609901 0.393765 0.072466 0.070416
7 0.146078 0.324560 0.079920 0.077188
7 0.520457 0.234902 0.077828 0.069804
7 0.608457 0.785086 0.079920 0.071149
7 0.624781 0.316443 0.077407 0.065648
7 0.920605 0.600978 0.090374 0.067237
7 0.424674 0.356051 0.075394 0.070293
7 0.603890 0.231577 0.079920 0.077188
7 0.057995 0.377084 0.072713 0.073460
7 0.453063 0.274450 0.073986 0.071638
7 0.057029 0.529823 0.079912 0.077200
7 0.454881 0.877103 0.074169 0.070000
0 0.686094 0.473686 0.100461 0.089474
7 0.525115 0.936840 0.079920 0.077200
7 0.255605 0.817237 0.077796 0.064303
3 0.827088 0.477323 0.071679 0.067604
3 0.520684 0.476980 0.073031 0.065697
0 0.332617 0.543246 0.094511 0.091748
7 0.057808 0.452598 0.076905 0.070232
3 0.519332 0.722188 0.073986 0.068093
3 0.188270 0.723185 0.084479 0.074413
3 0.185680 0.478362 0.075418 0.066259
7 0.937263 0.428068 0.085617 0.077188
0 0.185998 0.608802 0.092124 0.081174
7 0.780505 0.355269 0.087200 0.068435
7 0.057224 0.604976 0.073461 0.066088
7 0.061543 0.294749 0.079920 0.077200
7 0.101555 0.789474 0.079912 0.077188
7 0.184737 0.857897 0.070461 0.077188
7 0.932593 0.514187 0.088099 0.077494
7 0.603894 0.877958 0.079912 0.071711
7 0.854654 0.319988 0.081623 0.064914
0 0.332526 0.391064 0.096603 0.086284
5 0.121953 0.382219 0.005927 0.168032
5 0.121687 0.424108 0.005935 0.104621
5 0.121006 0.463240 0.005927 0.075941
5 0.211030 0.770477 0.005052 0.044694
5 0.123481 0.503833 0.007311 0.075244
5 0.880712 0.531333 0.005927 0.088068
5 0.495251 0.368362 0.005935 0.133741
5 0.486480 0.394914 0.005927 0.090758
5 0.548978 0.344065 0.005927 0.182971
5 0.497450 0.803197 0.005927 0.095978
5 0.543496 0.820825 0.005927 0.118863
5 0.842017 0.395697 0.005927 0.074597
5 0.883011 0.405403 0.005927 0.104523
5 0.805398 0.414542 0.005927 0.069254
5 0.523154 0.833130 0.005927 0.127628
5 0.552908 0.774187 0.005927 0.052531
5 0.164117 0.772708 0.005927 0.058643
5 0.122733 0.547029 0.078003 0.009853
5 0.166977 0.401626 0.062100 0.011296
5 0.186710 0.539976 0.015282 0.048900
5 0.187355 0.667757 0.014391 0.029890
5 0.254805 0.432139 0.015099 0.095501
5 0.256225 0.513998 0.009586 0.094083
5 0.597450 0.477983 0.077812 0.021785
5 0.764236 0.477335 0.051321 0.022836
5 0.432450 0.432176 0.012856 0.163032
5 0.432108 0.513991 0.012188 0.151455
5 0.520485 0.531357 0.007717 0.044132
5 0.550326 0.416534 0.006667 0.072311
5 0.520481 0.665257 0.015457 0.042592
5 0.481070 0.769480 0.005290 0.075831
5 0.560442 0.376718 0.006659 0.134853
5 0.885302 0.462469 0.036508 0.005941
5 0.878484 0.495660 0.005036 0.037751
