3 0.465647 0.506507 0.149101 0.090305
6 0.860544 0.211341 0.191268 0.135086
7 0.288970 0.198645 0.179074 0.120106
5 0.363943 0.361640 0.185081 0.021049
7 0.100499 0.312629 0.179937 0.130651
5 0.563179 0.371547 0.154326 0.021049
5 0.259258 0.430232 0.256250 0.013373
7 0.451295 0.073679 0.185324 0.133333
5 0.463912 0.599993 0.063165 0.021474
5 0.457522 0.300259 0.210764 0.021049
5 0.685031 0.372610 0.315135 0.021049
7 0.460405 0.703380 0.186457 0.110611
7 0.121210 0.915936 0.179128 0.118406
7 0.375486 0.920000 0.178849 0.114104
7 0.893665 0.924489 0.179685 0.124754
7 0.595463 0.920465 0.184433 0.109987
5 0.308386 0.828546 0.011034 0.319854
5 0.429312 0.808174 0.010225 0.108752
5 0.520279 0.815339 0.008651 0.125100
5 0.672280 0.833645 0.010603 0.422430
9 0.628228 0.211242 0.196133 0.137543
