7 0.837430 0.957573 0.083373 0.055034
7 0.700763 0.963399 0.081044 0.062528
7 0.953414 0.879775 0.082169 0.056966
0 0.243534 0.783933 0.104659 0.066742
7 0.953363 0.680978 0.089056 0.065461
7 0.953671 0.774638 0.090956 0.063309
7 0.949998 0.509449 0.088269 0.066270
7 0.289305 0.256140 0.097823 0.064910
3 0.242711 0.453455 0.082209 0.055674
7 0.942269 0.362247 0.083012 0.057528
7 0.152627 0.260522 0.097823 0.064910
3 0.765281 0.783961 0.081325 0.057921
7 0.062305 0.342107 0.097823 0.064910
7 0.052080 0.588340 0.087406 0.062972
7 0.766044 0.267528 0.082369 0.057978
0 0.491566 0.452079 0.102651 0.070562
7 0.047745 0.464149 0.088767 0.063388
3 0.765823 0.452022 0.081446 0.058652
7 0.764622 0.643860 0.097823 0.064910
5 0.188701 0.357399 0.009554 0.175596
5 0.145084 0.406138 0.008755 0.171174
5 0.800602 0.870969 0.006177 0.143927
5 0.859506 0.831272 0.005438 0.169590
5 0.149406 0.521997 0.005414 0.182904
5 0.144604 0.459076 0.005337 0.148635
5 0.858906 0.780896 0.002590 0.136747
5 0.858355 0.730944 0.004526 0.166258
5 0.857058 0.482183 0.005851 0.144365
5 0.766273 0.358483 0.004892 0.122921
5 0.854052 0.406848 0.006008 0.137483
5 0.733701 0.872980 0.005249 0.146253
5 0.765711 0.715317 0.003004 0.077365
5 0.266635 0.354784 0.005896 0.134163
7 0.044546 0.738742 0.084538 0.060506
7 0.050602 0.867492 0.082811 0.058916
7 0.243273 0.940787 0.081888 0.058090
5 0.243855 0.615702 0.006426 0.266798
5 0.362269 0.451433 0.154980 0.008596
5 0.634960 0.453708 0.179639 0.015281
5 0.509839 0.783820 0.429237 0.008427
5 0.243534 0.865056 0.004980 0.094270
5 0.137371 0.761407 0.006839 0.141916
5 0.141566 0.826309 0.005044 0.155506
