7 0.708228 0.118275 0.087342 0.084503
7 0.621519 0.314591 0.108861 0.087778
7 0.626793 0.052047 0.086498 0.076023
0 0.480485 0.693567 0.135654 0.119298
7 0.917722 0.480702 0.116456 0.103509
3 0.481329 0.909795 0.177848 0.124269
3 0.711287 0.483333 0.204852 0.133333
7 0.070886 0.483333 0.113924 0.103509
5 0.623281 0.232281 0.107194 0.011871
5 0.656435 0.176959 0.165612 0.019298
3 0.254536 0.484211 0.176582 0.128070
3 0.483544 0.478509 0.187342 0.125439
5 0.836909 0.482500 0.045127 0.014766
3 0.480907 0.175731 0.179536 0.123392
5 0.148333 0.480102 0.035443 0.012018
7 0.798101 0.175117 0.112658 0.089415
5 0.576793 0.092588 0.044684 0.010263
5 0.616213 0.131345 0.089008 0.011345
7 0.727848 0.260205 0.101266 0.084269
5 0.482384 0.797953 0.012447 0.087135
5 0.484810 0.589035 0.017300 0.083918
5 0.480802 0.328801 0.013924 0.181579
5 0.619304 0.387865 0.191772 0.014912
5 0.352004 0.387281 0.194726 0.018421
5 0.582110 0.257924 0.007046 0.052281
