5 0.263911 0.150783 0.083221 0.008251
3 0.643168 0.214952 0.065479 0.051932
7 0.188380 0.922454 0.077908 0.054386
5 0.223351 0.216541 0.077059 0.009565
3 0.479406 0.456329 0.070561 0.049372
7 0.170462 0.296321 0.067921 0.050517
7 0.188380 0.659300 0.077908 0.054386
5 0.193010 0.757877 0.091716 0.009763
5 0.235436 0.257321 0.079624 0.005309
7 0.828396 0.721319 0.070719 0.055623
7 0.860165 0.210990 0.115380 0.055507
5 0.560866 0.458258 0.086822 0.006981
7 0.215277 0.084114 0.077696 0.053126
7 0.160160 0.142239 0.074201 0.051850
3 0.678795 0.796184 0.065512 0.052754
5 0.756167 0.827372 0.091581 0.008232
0 0.478861 0.215746 0.102079 0.090623
5 0.241807 0.861031 0.076848 0.008324
5 0.193188 0.806229 0.085954 0.006720
5 0.562356 0.506251 0.101578 0.009459
0 0.480363 0.793768 0.084224 0.071401
5 0.717880 0.257476 0.090835 0.005928
5 0.752906 0.758570 0.086657 0.013372
7 0.113840 0.813874 0.072650 0.054763
3 0.302475 0.214541 0.066601 0.052077
7 0.218911 0.355493 0.067591 0.051469
5 0.232502 0.190106 0.068449 0.009836
7 0.116860 0.726522 0.078690 0.049758
5 0.719530 0.175031 0.086149 0.007444
5 0.561475 0.410998 0.100700 0.006295
5 0.277889 0.296027 0.086657 0.008643
3 0.275363 0.794493 0.067954 0.047150
7 0.644381 0.551886 0.079191 0.055174
5 0.241974 0.723034 0.085149 0.007005
7 0.639899 0.462263 0.068974 0.051966
7 0.778949 0.316671 0.077284 0.048415
7 0.640389 0.368070 0.072792 0.054382
7 0.341914 0.538430 0.066931 0.051643
5 0.741257 0.214116 0.121261 0.007990
7 0.835959 0.856053 0.072380 0.058425
7 0.133790 0.220710 0.074201 0.054367
7 0.789010 0.115517 0.092607 0.058048
5 0.381254 0.215217 0.092013 0.012464
5 0.568911 0.217717 0.077426 0.016111
5 0.481409 0.349845 0.017591 0.163884
5 0.429274 0.542283 0.104686 0.014710
5 0.480083 0.622995 0.014620 0.282029
5 0.374950 0.795169 0.126007 0.016908
5 0.585611 0.794879 0.117624 0.010821
