5 0.703774 0.802983 0.051617 0.019034
5 0.422019 0.802557 0.129583 0.017045
5 0.583964 0.561960 0.005052 0.151136
7 0.101915 0.508068 0.108808 0.227159
7 0.169277 0.236463 0.139896 0.204119
7 0.358394 0.195298 0.189978 0.227187
7 0.777649 0.229872 0.113122 0.223892
7 0.911080 0.371435 0.129553 0.210710
3 0.261677 0.806037 0.184799 0.269972
3 0.825563 0.802884 0.184806 0.269972
0 0.583394 0.810866 0.175387 0.319176
7 0.411926 0.511520 0.122645 0.217301
5 0.214449 0.499801 0.101058 0.021875
5 0.800287 0.509219 0.087340 0.022244
5 0.311270 0.490085 0.121408 0.017614
5 0.205600 0.589830 0.095596 0.026705
5 0.312742 0.588736 0.077228 0.014631
5 0.864478 0.577599 0.093905 0.020710
7 0.587232 0.367628 0.196923 0.240312
