5 0.163232 0.686479 0.013361 0.268706
0 0.527258 0.435254 0.170141 0.296610
2 0.306563 0.095724 0.147672 0.190555
3 0.125214 0.436025 0.153713 0.260894
5 0.811636 0.636726 0.011636 0.159584
5 0.256912 0.673097 0.011243 0.384345
2 0.782821 0.095763 0.147672 0.190570
5 0.841106 0.243190 0.072534 0.036518
5 0.071290 0.657242 0.011320 0.180740
3 0.885076 0.434345 0.148686 0.255193
5 0.132953 0.238844 0.013906 0.099815
5 0.905144 0.660262 0.011320 0.193467
5 0.212856 0.233151 0.096446 0.030863
7 0.072554 0.848960 0.145097 0.181495
7 0.365284 0.853459 0.145091 0.181495
7 0.218466 0.905940 0.145097 0.181495
7 0.144214 0.093220 0.145097 0.186441
7 0.776337 0.808120 0.145097 0.195162
7 0.927889 0.851217 0.144223 0.190632
7 0.525484 0.849407 0.149396 0.195116
5 0.323795 0.443606 0.236516 0.030200
5 0.524604 0.665794 0.009795 0.163945
5 0.710352 0.439214 0.197595 0.039908
