5 0.501496 0.386176 0.006350 0.275194
5 0.357518 0.733204 0.121022 0.027132
5 0.645584 0.724806 0.120219 0.020672
0 0.501763 0.730749 0.158898 0.357674
3 0.220237 0.746085 0.145073 0.235323
3 0.784974 0.744561 0.148533 0.247623
2 0.654617 0.403630 0.139891 0.217080
2 0.095858 0.405233 0.139891 0.217080
7 0.221540 0.238566 0.140759 0.229276
7 0.354073 0.396059 0.142453 0.229276
7 0.779796 0.243217 0.140759 0.229276
7 0.912781 0.405207 0.140759 0.216977
5 0.222847 0.490775 0.003504 0.238450
5 0.783905 0.493966 0.007226 0.250827
5 0.150876 0.564561 0.053971 0.013359
5 0.713960 0.574935 0.060956 0.020103
5 0.292219 0.561486 0.067109 0.012119
5 0.854007 0.567080 0.064219 0.016124
7 0.501726 0.114419 0.142460 0.228837
