5 0.381236 0.423054 0.064364 0.010764
5 0.252839 0.489963 0.011271 0.043873
3 0.226497 0.403417 0.236554 0.120466
3 0.827931 0.349832 0.246540 0.120447
3 0.491850 0.748818 0.275339 0.113166
0 0.498722 0.445484 0.157698 0.191415
0 0.772846 0.638613 0.157698 0.191415
0 0.253432 0.618808 0.157712 0.191434
2 0.518750 0.914963 0.155212 0.103966
2 0.110749 0.267328 0.155198 0.103966
2 0.595127 0.297030 0.155198 0.103966
7 0.223369 0.138557 0.160212 0.105605
7 0.382352 0.087458 0.160212 0.105605
7 0.909273 0.171611 0.160212 0.105605
7 0.908023 0.496695 0.160198 0.105605
7 0.802888 0.912542 0.160212 0.105605
2 0.242168 0.919134 0.155212 0.103966
5 0.227825 0.265624 0.007627 0.138622
5 0.170975 0.326993 0.006780 0.034507
5 0.332761 0.248734 0.009025 0.175829
5 0.689831 0.318212 0.007881 0.039404
5 0.864597 0.258371 0.008008 0.057635
5 0.869138 0.430065 0.011667 0.049963
5 0.513927 0.839199 0.010932 0.042272
5 0.690332 0.838119 0.010946 0.194190
5 0.395162 0.847439 0.012952 0.193091
5 0.642797 0.398454 0.130791 0.013855
5 0.308347 0.738529 0.009294 0.124432
5 0.668630 0.745270 0.011864 0.069907
5 0.789675 0.478724 0.008333 0.119423
