5 0.620330 0.835588 0.004355 0.094820
5 0.409517 0.836451 0.004363 0.094820
5 0.517020 0.637014 0.004638 0.094844
3 0.517300 0.467122 0.138168 0.208106
3 0.307429 0.839820 0.167531 0.218681
3 0.712005 0.837194 0.140770 0.229209
0 0.514273 0.841163 0.171847 0.255516
2 0.128263 0.600144 0.199481 0.179137
2 0.720645 0.443405 0.191730 0.197602
2 0.450802 0.160240 0.110535 0.200192
7 0.293200 0.418381 0.211572 0.194940
7 0.583793 0.162866 0.117445 0.189664
7 0.891651 0.588297 0.177028 0.202830
7 0.889057 0.884628 0.121761 0.200192
5 0.268188 0.667326 0.075857 0.014748
5 0.299878 0.626127 0.005149 0.208082
5 0.502476 0.296007 0.008616 0.126451
5 0.528184 0.303837 0.005220 0.126427
5 0.717551 0.637998 0.005354 0.179209
5 0.802225 0.754976 0.004434 0.160647
5 0.806262 0.878273 0.043121 0.053717
