5 0.343710 0.280912 0.007147 0.091103
5 0.309033 0.356711 0.024378 0.010537
5 0.775559 0.400042 0.014650 0.008204
5 0.419101 0.218508 0.008882 0.176676
5 0.789195 0.332850 0.008903 0.056591
5 0.658036 0.234823 0.011975 0.102999
5 0.760611 0.260863 0.009687 0.104470
6 0.789582 0.815163 0.179206 0.118812
3 0.553083 0.602284 0.247482 0.132008
7 0.600627 0.885290 0.210909 0.107270
7 0.286102 0.594038 0.142633 0.105615
5 0.491750 0.482836 0.123292 0.012546
5 0.638704 0.721726 0.167544 0.014286
5 0.391766 0.595912 0.054859 0.015587
5 0.352874 0.686443 0.179206 0.013083
5 0.603140 0.476400 0.134326 0.010792
5 0.575601 0.750460 0.008840 0.151584
7 0.423511 0.369823 0.191850 0.105615
7 0.661338 0.347016 0.206061 0.105601
7 0.413156 0.068069 0.226771 0.105615
7 0.236886 0.189123 0.257889 0.105601
7 0.179848 0.347016 0.218986 0.105601
7 0.652315 0.122454 0.172487 0.105615
7 0.840240 0.175085 0.156928 0.105615
7 0.891395 0.311931 0.155559 0.105615
7 0.887550 0.452277 0.197106 0.105601
9 0.281792 0.835799 0.349060 0.150495
