3 0.182025 0.409367 0.184473 0.064726
3 0.659272 0.408281 0.181034 0.089557
3 0.426245 0.736224 0.184219 0.064726
7 0.138333 0.287205 0.110042 0.063101
7 0.269409 0.287205 0.119747 0.053397
7 0.482184 0.292057 0.121371 0.053397
7 0.659378 0.292869 0.122975 0.051772
7 0.868112 0.292859 0.145633 0.058249
7 0.912205 0.412616 0.175591 0.064726
7 0.763734 0.512120 0.166667 0.066350
7 0.564705 0.506456 0.121350 0.051772
7 0.074019 0.525876 0.148038 0.067954
7 0.203059 0.736234 0.110042 0.061498
7 0.296097 0.835738 0.124599 0.059873
7 0.524262 0.838175 0.124599 0.061498
7 0.680401 0.749177 0.126203 0.061477
0 0.413122 0.406129 0.188270 0.122975
5 0.164241 0.348059 0.009367 0.069536
5 0.234198 0.345232 0.010464 0.091646
5 0.103819 0.468186 0.007848 0.085274
5 0.653713 0.338924 0.014557 0.037342
5 0.551635 0.339378 0.007447 0.070865
5 0.758513 0.339578 0.006983 0.104895
5 0.788819 0.408650 0.074684 0.008861
5 0.594008 0.469504 0.011730 0.037743
5 0.731139 0.465643 0.007384 0.046646
5 0.570464 0.738165 0.099578 0.008228
5 0.296835 0.731329 0.075105 0.006540
5 0.336013 0.786234 0.008439 0.067532
5 0.474895 0.787015 0.008228 0.084283
7 0.334979 0.514852 0.110042 0.063122
5 0.295886 0.409494 0.041561 0.007173
5 0.538966 0.408755 0.057257 0.009916
5 0.414030 0.586287 0.009494 0.237553
5 0.359325 0.460422 0.009030 0.041392
