3 0.143328 0.658764 0.127804 0.439551
3 0.513791 0.660506 0.124360 0.443933
3 0.891595 0.676404 0.126943 0.430787
0 0.325535 0.664888 0.110541 0.619775
0 0.700342 0.640646 0.110530 0.619719
2 0.081578 0.177022 0.080309 0.224157
2 0.449051 0.174719 0.080309 0.224157
2 0.826424 0.174719 0.080309 0.224157
7 0.198593 0.176910 0.081181 0.232697
7 0.567357 0.170337 0.081181 0.232697
7 0.943002 0.179129 0.081170 0.232753
5 0.113019 0.377331 0.055265 0.036461
5 0.171523 0.372360 0.055276 0.030112
5 0.484807 0.383090 0.055265 0.030674
5 0.540304 0.375590 0.055265 0.035449
5 0.859928 0.371910 0.055265 0.024719
5 0.918267 0.378118 0.044040 0.031629
5 0.418825 0.667978 0.055265 0.035955
5 0.234023 0.675815 0.055265 0.123090
5 0.610535 0.665449 0.055265 0.070225
5 0.790155 0.665169 0.055276 0.033708
