3 0.706770 0.652083 0.069141 0.058944
3 0.228265 0.246861 0.069863 0.056611
3 0.230533 0.648139 0.068076 0.058278
3 0.507112 0.246744 0.075838 0.070878
3 0.507112 0.246744 0.075838 0.070878
3 0.518471 0.652111 0.069107 0.057889
3 0.806529 0.246306 0.070928 0.059722
3 0.386876 0.647444 0.072364 0.059000
2 0.171509 0.106567 0.072893 0.062289
2 0.430749 0.104039 0.072893 0.062289
2 0.731698 0.090694 0.072893 0.059167
2 0.829584 0.088889 0.072893 0.062289
2 0.918098 0.127611 0.072897 0.062289
7 0.277674 0.102189 0.079038 0.058922
7 0.564041 0.107406 0.079038 0.058922
7 0.932677 0.243772 0.079038 0.058922
7 0.902354 0.703444 0.070687 0.058000
7 0.842079 0.814478 0.079038 0.058922
7 0.737945 0.817844 0.079038 0.058922
7 0.646237 0.819967 0.075017 0.058044
7 0.558213 0.817625 0.071546 0.059361
7 0.469330 0.825139 0.072887 0.057611
7 0.387027 0.824500 0.083058 0.055667
7 0.290471 0.825722 0.069230 0.057111
7 0.072131 0.736750 0.081443 0.057611
7 0.078777 0.563636 0.079038 0.058928
0 0.368799 0.247578 0.090512 0.069822
0 0.648213 0.248753 0.090241 0.070839
0 0.702223 0.457306 0.092048 0.074611
0 0.518223 0.463922 0.092680 0.069933
0 0.388057 0.455325 0.092684 0.069572
0 0.228466 0.440603 0.090973 0.069650
5 0.252498 0.174731 0.004852 0.105150
5 0.199431 0.176111 0.004828 0.111111
5 0.387268 0.736750 0.004983 0.113944
5 0.339466 0.736725 0.004938 0.182772
5 0.535730 0.172133 0.008086 0.083878
5 0.846280 0.171103 0.006093 0.129750
5 0.766347 0.168689 0.005979 0.138922
5 0.428543 0.736400 0.004344 0.160122
5 0.867060 0.247658 0.005124 0.080006
5 0.818375 0.167083 0.005306 0.093967
5 0.467095 0.174103 0.008086 0.102628
5 0.137758 0.677911 0.003935 0.182900
5 0.538887 0.736247 0.005849 0.117294
5 0.775115 0.734025 0.005014 0.219383
5 0.804474 0.678025 0.005031 0.199728
5 0.582765 0.736375 0.005701 0.201761
5 0.638182 0.716567 0.005045 0.293622
5 0.136421 0.623022 0.007261 0.173856
7 0.905162 0.457083 0.077127 0.058944
5 0.229192 0.340694 0.005670 0.128833
5 0.229983 0.545583 0.004742 0.137833
5 0.293935 0.248500 0.058385 0.008444
5 0.443316 0.246139 0.055979 0.006833
5 0.387811 0.553056 0.005189 0.130000
5 0.517423 0.560250 0.007629 0.120722
5 0.429529 0.336778 0.004371 0.212478
5 0.511857 0.354639 0.007708 0.126489
5 0.613823 0.356667 0.005481 0.304889
5 0.574270 0.247539 0.049488 0.012711
5 0.731873 0.245861 0.077973 0.010389
5 0.806804 0.458417 0.116014 0.008833
5 0.704725 0.557611 0.005876 0.126667
