3 0.176697 0.678826 0.254500 0.238523
3 0.797645 0.688003 0.230211 0.256879
0 0.488217 0.656124 0.210566 0.407148
7 0.177362 0.149983 0.127329 0.235604
7 0.331513 0.321393 0.196868 0.232315
7 0.917211 0.312668 0.157684 0.279765
5 0.098526 0.504144 0.006237 0.104933
5 0.174671 0.420570 0.008289 0.267248
5 0.272553 0.504614 0.009553 0.107416
5 0.713737 0.497601 0.007447 0.119161
5 0.866355 0.497953 0.007632 0.122081
2 0.067822 0.323826 0.126934 0.242282
2 0.678362 0.328221 0.128671 0.264295
5 0.341118 0.654195 0.068026 0.019128
5 0.639454 0.654866 0.067066 0.016443
