5 0.402005 0.859530 0.034549 0.020166
5 0.617535 0.859116 0.030937 0.023204
5 0.509201 0.663273 0.005903 0.080138
3 0.705942 0.859144 0.140286 0.243260
3 0.294891 0.853246 0.168394 0.239088
3 0.507760 0.471271 0.139896 0.222597
0 0.509488 0.861354 0.169253 0.277293
2 0.118294 0.597680 0.195165 0.195138
2 0.441267 0.144240 0.120903 0.200635
2 0.715881 0.450649 0.195165 0.186878
7 0.284527 0.424558 0.211571 0.200608
7 0.576845 0.145622 0.117439 0.197873
7 0.885569 0.599047 0.171849 0.175884
7 0.888585 0.897251 0.113976 0.200580
5 0.250035 0.665428 0.059583 0.023398
5 0.289614 0.637127 0.006953 0.184254
5 0.711580 0.648508 0.007049 0.184254
5 0.496606 0.295594 0.007500 0.098923
5 0.520017 0.300718 0.006389 0.098950
5 0.798689 0.767127 0.007031 0.145691
5 0.802656 0.896685 0.041493 0.051934
