5 0.470688 0.483833 0.007910 0.159533
5 0.183624 0.723000 0.010529 0.030000
5 0.448426 0.391400 0.007910 0.159467
5 0.710708 0.721333 0.007077 0.030667
4 0.535966 0.725667 0.007804 0.086000
4 0.356376 0.717000 0.012434 0.146000
5 0.427434 0.490900 0.007910 0.096733
3 0.798558 0.715233 0.145688 0.312733
3 0.108810 0.717467 0.124101 0.308267
1 0.449034 0.726333 0.162354 0.374267
2 0.102315 0.295433 0.144206 0.217667
2 0.719325 0.280200 0.141614 0.265467
8 0.270708 0.724133 0.151124 0.439600
7 0.340661 0.341133 0.161481 0.239333
7 0.534524 0.343333 0.095000 0.217600
7 0.955086 0.613167 0.086362 0.243667
7 0.878651 0.336933 0.142487 0.256533
5 0.105708 0.490967 0.007447 0.117133
5 0.781925 0.470433 0.040622 0.036067
5 0.809874 0.521933 0.006362 0.117200
5 0.890622 0.666600 0.034153 0.034933
8 0.621197 0.727700 0.151124 0.439533
10 0.448287 0.160600 0.099034 0.249600
