4 0.509519 0.630458 0.032137 0.047379
1 0.508206 0.744333 0.292656 0.164839
3 0.510969 0.263987 0.285206 0.158424
2 0.190511 0.261511 0.233481 0.123762
7 0.351137 0.092371 0.256992 0.105611
7 0.676298 0.088240 0.286763 0.110563
7 0.831427 0.267291 0.236626 0.115514
7 0.677076 0.919108 0.244443 0.112203
8 0.509992 0.502580 0.207771 0.191977
5 0.338962 0.264791 0.051053 0.010289
5 0.415756 0.165531 0.057466 0.008553
5 0.602733 0.167323 0.051053 0.007251
5 0.682672 0.263826 0.045374 0.008360
5 0.603641 0.844059 0.029847 0.014550
5 0.418137 0.840209 0.022107 0.014566
5 0.510000 0.385531 0.008702 0.030868
10 0.350992 0.915892 0.265832 0.126222
