5 0.804377 0.500025 0.068281 0.032640
5 0.868537 0.704670 0.056076 0.028426
5 0.864055 0.820051 0.047979 0.035736
5 0.355827 0.765482 0.074278 0.027411
5 0.737461 0.536574 0.042218 0.035584
5 0.764908 0.435025 0.075433 0.029340
4 0.643018 0.763731 0.085617 0.080152
3 0.231102 0.761041 0.161864 0.285228
1 0.767526 0.757563 0.155577 0.333909
8 0.499606 0.765406 0.192572 0.464315
7 0.315669 0.397995 0.107953 0.217107
7 0.764265 0.154264 0.137349 0.220406
7 0.882152 0.324569 0.124409 0.227005
7 0.936962 0.570127 0.107940 0.217107
7 0.942146 0.890812 0.107940 0.217157
2 0.130007 0.339543 0.201220 0.207107
5 0.213504 0.521523 0.006378 0.212386
5 0.254836 0.556675 0.006470 0.186853
10 0.651142 0.387335 0.179843 0.218426
