7 0.194142 0.219215 0.073582 0.043687
7 0.074911 0.331675 0.072221 0.045308
7 0.425788 0.119700 0.073582 0.045308
7 0.584535 0.118083 0.074944 0.045308
7 0.919060 0.210317 0.076309 0.045308
7 0.927237 0.422290 0.073582 0.045304
7 0.773258 0.423100 0.073582 0.046925
7 0.924511 0.634265 0.073582 0.048546
7 0.686051 0.786367 0.089933 0.045308
7 0.585216 0.822775 0.073582 0.043692
7 0.496644 0.873746 0.073582 0.045308
7 0.362426 0.741869 0.072221 0.046929
7 0.222756 0.635881 0.073582 0.048546
7 0.072867 0.522613 0.073579 0.045308
2 0.092625 0.251579 0.072218 0.046925
2 0.778709 0.205462 0.073579 0.045308
2 0.924511 0.559829 0.073582 0.048542
2 0.383546 0.813875 0.076305 0.045308
2 0.102844 0.622127 0.076305 0.043687
3 0.194970 0.320025 0.072516 0.042717
3 0.507546 0.210317 0.076305 0.045308
3 0.851609 0.318733 0.074944 0.045300
3 0.753049 0.585700 0.074042 0.045267
3 0.499760 0.727263 0.071639 0.043775
3 0.197160 0.518238 0.090523 0.043025
0 0.194140 0.409344 0.095382 0.051779
0 0.339265 0.317921 0.094032 0.053400
0 0.410118 0.426335 0.094025 0.053396
0 0.501414 0.510477 0.096744 0.053396
0 0.594754 0.423906 0.092660 0.051779
0 0.657435 0.319540 0.092660 0.053396
0 0.752819 0.728117 0.092656 0.055017
5 0.431381 0.735208 0.062172 0.007900
5 0.459961 0.782904 0.083656 0.007225
5 0.498737 0.800848 0.004211 0.093854
5 0.533698 0.778073 0.068351 0.007588
5 0.591575 0.758071 0.108730 0.007292
5 0.466728 0.165575 0.068923 0.006117
5 0.546470 0.164990 0.065235 0.004538
5 0.813619 0.260796 0.076804 0.006850
5 0.884802 0.264842 0.070726 0.005750
5 0.889528 0.370819 0.070389 0.005387
5 0.814765 0.369615 0.072421 0.008004
5 0.838474 0.572510 0.084274 0.006604
5 0.840751 0.612744 0.097326 0.006837
5 0.204179 0.578446 0.058926 0.010325
5 0.129514 0.521254 0.040144 0.006500
5 0.166895 0.580567 0.078133 0.008350
5 0.194947 0.266750 0.008000 0.052667
5 0.135107 0.324598 0.045484 0.009546
5 0.152281 0.281825 0.068800 0.008192
5 0.194298 0.361458 0.009298 0.040667
5 0.195502 0.464198 0.010049 0.053054
5 0.261591 0.318494 0.059112 0.008513
5 0.303751 0.471008 0.009754 0.157833
5 0.503691 0.361729 0.006575 0.238625
5 0.553304 0.319283 0.007274 0.172725
5 0.453091 0.324700 0.009382 0.177900
5 0.561082 0.275169 0.006502 0.130546
5 0.445747 0.275456 0.008337 0.144279
5 0.501247 0.622656 0.013709 0.160438
5 0.625246 0.727292 0.161228 0.009333
5 0.753477 0.654542 0.011642 0.090500
5 0.678944 0.504317 0.009249 0.160567
5 0.759754 0.319729 0.105825 0.015125
