3 0.336353 0.360587 0.136682 0.150153
3 0.656047 0.359617 0.134000 0.156020
0 0.497376 0.635816 0.141647 0.308980
7 0.091065 0.131186 0.178765 0.116097
7 0.089812 0.284656 0.178753 0.116097
7 0.088906 0.432207 0.177812 0.116097
7 0.091876 0.593610 0.178765 0.116097
7 0.905353 0.058839 0.178753 0.116097
7 0.909494 0.202640 0.178753 0.116097
7 0.906388 0.357691 0.178753 0.116097
7 0.904335 0.514962 0.187094 0.116097
7 0.906947 0.665523 0.186106 0.116097
5 0.202800 0.236403 0.117388 0.015255
5 0.222435 0.324885 0.078753 0.011913
5 0.223224 0.394809 0.085224 0.014107
5 0.205782 0.480128 0.111259 0.013571
5 0.770994 0.359566 0.081541 0.012500
5 0.793288 0.193750 0.142694 0.014286
5 0.779018 0.511952 0.124153 0.013495
5 0.775947 0.433151 0.106482 0.013597
5 0.781035 0.283763 0.101106 0.011097
5 0.417088 0.506288 0.086671 0.020791
5 0.575588 0.513048 0.076988 0.032372
7 0.495229 0.941926 0.181306 0.116097
5 0.496588 0.838597 0.035129 0.010204
