3 0.132812 0.759656 0.135625 0.157396
3 0.131693 0.304693 0.135625 0.157396
3 0.763249 0.513428 0.135625 0.157420
0 0.416083 0.374644 0.175712 0.158428
0 0.421904 0.668317 0.175727 0.158403
2 0.065632 0.075135 0.103474 0.090762
2 0.130996 0.574251 0.103474 0.090762
2 0.718670 0.297027 0.103474 0.090762
7 0.214012 0.073489 0.130814 0.094054
7 0.130029 0.944521 0.130814 0.108501
7 0.816294 0.743440 0.097645 0.092482
7 0.682042 0.741806 0.104491 0.089017
5 0.090356 0.168440 0.066381 0.013587
5 0.181810 0.163268 0.008212 0.105160
5 0.724731 0.390160 0.008299 0.089115
5 0.702195 0.649263 0.007384 0.096708
5 0.801395 0.650332 0.008343 0.089115
5 0.814935 0.384877 0.082137 0.014619
5 0.132049 0.649312 0.006250 0.047813
5 0.131468 0.863034 0.004215 0.047789
2 0.863234 0.292875 0.099549 0.093857
5 0.266504 0.333366 0.128503 0.014201
5 0.601272 0.425885 0.187980 0.015160
5 0.275480 0.707408 0.115581 0.013833
5 0.602209 0.605184 0.185029 0.017297
