3 0.636261 0.555835 0.099822 0.120060
3 0.218489 0.540477 0.101562 0.103936
2 0.062182 0.330060 0.119168 0.133479
2 0.531087 0.342247 0.119168 0.133479
0 0.428761 0.550507 0.094126 0.149642
7 0.228846 0.157147 0.169253 0.143598
7 0.671846 0.196640 0.169261 0.143579
7 0.870467 0.332137 0.169253 0.143598
7 0.879987 0.580895 0.195204 0.143579
7 0.344546 0.866083 0.174406 0.175984
7 0.103629 0.841819 0.169261 0.176004
5 0.218336 0.359394 0.012054 0.240656
5 0.129720 0.451133 0.074584 0.024652
5 0.164427 0.684742 0.009160 0.170676
5 0.288939 0.689264 0.094992 0.025447
5 0.596935 0.456163 0.051817 0.023141
5 0.660980 0.387584 0.010450 0.216402
5 0.736961 0.443509 0.008795 0.243519
5 0.735323 0.579821 0.082037 0.023260
5 0.525042 0.549901 0.082037 0.023857
5 0.320382 0.551789 0.082037 0.025249
