5 0.384287 0.487726 0.095031 0.022481
5 0.633878 0.487984 0.081173 0.027132
3 0.736618 0.494341 0.112276 0.209716
3 0.261209 0.495788 0.144197 0.240982
0 0.512114 0.495736 0.148528 0.365581
7 0.097173 0.151408 0.125213 0.204057
7 0.069949 0.888243 0.125220 0.204031
7 0.069929 0.475930 0.125181 0.252274
7 0.891622 0.159987 0.186520 0.232481
7 0.911071 0.865530 0.171874 0.237933
5 0.182374 0.277196 0.068638 0.033152
5 0.159760 0.462274 0.053535 0.027907
5 0.154890 0.721667 0.078614 0.029328
5 0.795346 0.309548 0.053543 0.036408
5 0.814307 0.690917 0.057858 0.031499
