5 0.623510 0.764754 0.070812 0.040984
4 0.239656 0.762404 0.078583 0.063169
5 0.410187 0.764836 0.070812 0.041148
4 0.793615 0.762732 0.078583 0.081530
3 0.136719 0.762022 0.115104 0.316066
1 0.894365 0.762049 0.114208 0.325519
3 0.515542 0.758197 0.115104 0.316066
0 0.326016 0.767077 0.076865 0.407705
8 0.705115 0.760273 0.082042 0.403169
2 0.057880 0.255164 0.065635 0.262787
2 0.475823 0.278033 0.065625 0.262732
7 0.137328 0.261967 0.065635 0.221967
7 0.220208 0.268962 0.065625 0.221967
7 0.556130 0.259891 0.065635 0.221967
7 0.934370 0.264426 0.065635 0.221967
2 0.852729 0.267486 0.063417 0.273443
5 0.092667 0.494672 0.037354 0.055355
5 0.135958 0.488552 0.011292 0.177760
5 0.182766 0.490355 0.051260 0.047923
5 0.494391 0.512596 0.007656 0.164098
5 0.536964 0.509563 0.007510 0.195956
5 0.873354 0.521011 0.005375 0.164098
5 0.923021 0.526530 0.023458 0.164098
