3 0.886578 0.434407 0.152850 0.256364
3 0.124352 0.431941 0.152845 0.256364
2 0.308730 0.095077 0.147666 0.183775
2 0.785833 0.098475 0.149390 0.192881
0 0.525915 0.433112 0.170985 0.279045
7 0.072120 0.855077 0.142481 0.197365
7 0.215035 0.897018 0.149367 0.197365
7 0.367874 0.856179 0.149367 0.197381
7 0.778067 0.810809 0.149367 0.197365
7 0.925956 0.847103 0.148088 0.197381
5 0.129906 0.246279 0.007519 0.093020
5 0.202927 0.245948 0.096716 0.014114
5 0.072883 0.659977 0.007548 0.174684
5 0.166481 0.689653 0.007953 0.275455
5 0.253496 0.672481 0.153114 0.020462
5 0.808674 0.644484 0.077724 0.017596
5 0.904716 0.658521 0.007249 0.161079
5 0.846032 0.250262 0.087220 0.013190
5 0.319941 0.438752 0.223930 0.020185
5 0.708979 0.440139 0.177889 0.019260
5 0.524900 0.662165 0.057859 0.015763
7 0.144214 0.095162 0.149367 0.190324
7 0.527633 0.853914 0.149367 0.197381
