5 0.590288 0.525085 0.071675 0.018305
5 0.403325 0.525424 0.048350 0.016949
3 0.290019 0.527983 0.166362 0.192644
3 0.722119 0.524322 0.167263 0.195085
6 0.072581 0.552797 0.139887 0.147559
2 0.243137 0.192153 0.149400 0.161593
2 0.838125 0.197915 0.112250 0.161593
7 0.077338 0.337339 0.132125 0.147559
7 0.406737 0.195559 0.132125 0.147525
7 0.920538 0.337271 0.144175 0.154610
0 0.494425 0.528203 0.111400 0.173288
5 0.176175 0.434797 0.067725 0.020169
5 0.265537 0.354424 0.062900 0.018949
5 0.322569 0.352136 0.006538 0.200949
5 0.172594 0.537915 0.055013 0.018746
5 0.704013 0.355102 0.007325 0.153661
5 0.752738 0.313949 0.086600 0.016644
5 0.794681 0.382898 0.100437 0.019085
5 0.334781 0.712136 0.097487 0.018915
5 0.247919 0.732119 0.007288 0.259966
2 0.687219 0.201881 0.116413 0.148441
9 0.214150 0.913424 0.160725 0.172000
9 0.384887 0.902881 0.160725 0.172000
