7 0.722637 0.696599 0.172447 0.140808
7 0.899515 0.629444 0.177426 0.152088
7 0.296266 0.124596 0.175401 0.142391
0 0.540506 0.392256 0.205063 0.171044
2 0.092975 0.563098 0.174388 0.155354
2 0.695728 0.195791 0.177447 0.142424
6 0.441245 0.242710 0.177426 0.135926
3 0.236435 0.389966 0.195696 0.135892
3 0.838333 0.390606 0.192954 0.133939
5 0.170401 0.265455 0.121308 0.017374
5 0.265886 0.260556 0.007806 0.139630
5 0.301139 0.280253 0.104008 0.012290
5 0.190274 0.485034 0.010970 0.102727
5 0.268544 0.508805 0.072996 0.022256
5 0.855580 0.252155 0.014241 0.138384
5 0.796076 0.282071 0.071983 0.019630
5 0.868333 0.507138 0.071688 0.020606
5 0.782542 0.538872 0.012848 0.213569
7 0.296350 0.624613 0.175781 0.136970
7 0.282911 0.920000 0.173713 0.113872
7 0.442658 0.829242 0.174726 0.107239
7 0.138681 0.815219 0.176814 0.112189
5 0.289884 0.764226 0.017068 0.108923
5 0.692722 0.391077 0.095570 0.025926
5 0.384599 0.387374 0.103376 0.017845
5 0.223101 0.726246 0.014726 0.165219
5 0.367468 0.734040 0.012996 0.164175
9 0.873154 0.105993 0.181498 0.153737
9 0.108692 0.137542 0.175401 0.148889
