3 0.546354 0.874195 0.241905 0.187090
3 0.252292 0.382136 0.153780 0.153437
3 0.767574 0.366223 0.137589 0.129102
2 0.072515 0.150526 0.112262 0.109598
0 0.522001 0.375991 0.078586 0.154520
7 0.211124 0.045418 0.142485 0.089845
7 0.351882 0.071455 0.092396 0.113189
7 0.708966 0.076858 0.148527 0.113158
7 0.888586 0.083158 0.155446 0.111393
7 0.955945 0.277183 0.086354 0.100619
7 0.828132 0.732632 0.158884 0.138328
7 0.830290 0.903313 0.149390 0.131146
5 0.142835 0.258467 0.071682 0.027895
5 0.226808 0.205124 0.011443 0.188638
5 0.314896 0.212709 0.011131 0.161703
5 0.727232 0.213885 0.010476 0.163932
5 0.828765 0.227368 0.101042 0.025759
5 0.876131 0.311300 0.066488 0.019505
5 0.707321 0.780387 0.073839 0.022941
5 0.708869 0.900789 0.079643 0.019536
5 0.402805 0.380341 0.119092 0.026935
5 0.627351 0.371517 0.119107 0.023529
