5 0.619150 0.696537 0.043187 0.016017
5 0.278902 0.695455 0.096717 0.017316
3 0.159639 0.662716 0.126793 0.223442
1 0.724387 0.668377 0.151982 0.263030
8 0.461125 0.700855 0.250399 0.554091
7 0.093235 0.231039 0.150255 0.206407
7 0.233162 0.144221 0.150262 0.206407
7 0.310454 0.358777 0.154591 0.222706
7 0.696893 0.231126 0.150262 0.206407
7 0.861831 0.256970 0.150255 0.214632
7 0.901552 0.502662 0.150262 0.217186
5 0.120998 0.455238 0.008617 0.271905
5 0.190482 0.416764 0.006924 0.339372
5 0.214236 0.484827 0.047495 0.019740
5 0.701459 0.435227 0.076531 0.018810
5 0.777756 0.439297 0.005699 0.232706
5 0.814738 0.577381 0.025045 0.020563
