7 0.081508 0.254885 0.163017 0.114899
7 0.380981 0.121398 0.163481 0.113285
7 0.920295 0.496052 0.159409 0.105072
7 0.504768 0.938660 0.169367 0.113055
7 0.216667 0.946974 0.163291 0.106052
0 0.484040 0.343876 0.170570 0.224928
0 0.768333 0.648098 0.175316 0.211988
0 0.233502 0.623012 0.174135 0.203890
2 0.205074 0.125432 0.171751 0.121354
2 0.905759 0.152147 0.175316 0.119741
2 0.796762 0.934510 0.168207 0.118127
3 0.209198 0.395677 0.236878 0.114697
3 0.480063 0.759380 0.278692 0.123890
3 0.822827 0.341427 0.251139 0.122911
5 0.873281 0.421772 0.077321 0.010461
5 0.861572 0.241110 0.011203 0.074899
5 0.211076 0.252738 0.015401 0.164265
5 0.141329 0.317795 0.030506 0.010980
5 0.317479 0.261916 0.127152 0.022219
5 0.374810 0.869395 0.171435 0.013141
5 0.653460 0.861081 0.009831 0.225504
5 0.483513 0.852478 0.007954 0.065187
5 0.234283 0.489769 0.009916 0.063112
5 0.632489 0.341499 0.127004 0.014409
5 0.652806 0.700519 0.016076 0.129107
5 0.290021 0.749784 0.012574 0.139741
5 0.793091 0.473300 0.009515 0.160663
5 0.363207 0.364207 0.019241 0.097349
