0 0.630828 0.202443 0.174373 0.112316
0 0.899136 0.505171 0.174373 0.101236
0 0.631310 0.347633 0.150289 0.112318
0 0.628423 0.499631 0.150289 0.112316
0 0.622643 0.757136 0.150289 0.112316
3 0.347582 0.750247 0.135818 0.065582
3 0.369098 0.274630 0.093410 0.070332
3 0.893351 0.756706 0.163772 0.063905
7 0.150097 0.752383 0.180154 0.086292
1 0.892168 0.274496 0.107457 0.078358
7 0.583623 0.103139 0.180154 0.067117
7 0.470424 0.860591 0.184971 0.058897
7 0.903950 0.853742 0.077072 0.056159
7 0.946676 0.919488 0.106647 0.058897
7 0.825434 0.922228 0.135838 0.067115
5 0.369376 0.213437 0.007168 0.051857
5 0.304327 0.212193 0.005780 0.073849
5 0.262875 0.753811 0.032946 0.019607
5 0.456760 0.178024 0.005418 0.162985
5 0.827731 0.839752 0.008792 0.098373
5 0.945541 0.839661 0.008428 0.098554
5 0.905780 0.806706 0.008023 0.031361
5 0.407886 0.810214 0.005363 0.070286
5 0.302750 0.815588 0.010001 0.037125
5 0.794561 0.806403 0.010123 0.078443
2 0.219471 0.164301 0.147955 0.069579
2 0.726500 0.861713 0.144540 0.063107
7 0.287876 0.037138 0.156548 0.074277
7 0.451218 0.036284 0.156548 0.072567
7 0.370935 0.152419 0.097136 0.063999
7 0.105522 0.866986 0.210184 0.059449
7 0.304277 0.862627 0.109274 0.053900
7 0.410484 0.943480 0.105370 0.052311
7 0.300653 0.972135 0.122097 0.055730
7 0.193759 0.937929 0.074447 0.057071
5 0.301919 0.918845 0.006659 0.050837
5 0.230098 0.866271 0.035490 0.014678
5 0.245658 0.906828 0.005729 0.063245
5 0.351088 0.906848 0.006486 0.054206
5 0.479100 0.753427 0.125807 0.010076
5 0.760143 0.753148 0.116154 0.015533
5 0.479212 0.607909 0.017342 0.270401
5 0.484943 0.314046 0.009258 0.190209
5 0.895607 0.384484 0.010497 0.132873
5 0.334290 0.096890 0.007607 0.062535
5 0.410198 0.099687 0.006230 0.065676
4 0.486850 0.231572 0.017706 0.178269
4 0.776545 0.230334 0.113512 0.024042
4 0.771797 0.311618 0.123092 0.024653
4 0.789121 0.411160 0.016921 0.292914
4 0.894977 0.635330 0.021168 0.159977
