7 0.150493 0.032032 0.080636 0.050024
5 0.562441 0.251023 0.082147 0.007192
7 0.060888 0.896493 0.117790 0.071931
2 0.954498 0.645575 0.087052 0.063158
5 0.842308 0.542908 0.017769 0.004935
5 0.770979 0.899724 0.135895 0.007106
5 0.148664 0.190338 0.129434 0.006464
5 0.635705 0.259998 0.049962 0.006167
5 0.135278 0.852997 0.057465 0.011591
0 0.526301 0.782101 0.155021 0.069138
7 0.698432 0.173685 0.096017 0.071931
2 0.059028 0.689947 0.108937 0.062214
5 0.225762 0.255335 0.052846 0.006464
7 0.137245 0.387398 0.114322 0.055678
7 0.240115 0.052631 0.080636 0.050024
7 0.775245 0.935089 0.097301 0.050886
5 0.148664 0.220175 0.106308 0.006464
5 0.637769 0.196694 0.107503 0.007446
5 0.598558 0.210156 0.085472 0.013814
5 0.718860 0.872640 0.050007 0.010647
3 0.527656 0.618424 0.119157 0.057211
2 0.566570 0.503510 0.087056 0.063158
3 0.842972 0.587039 0.110909 0.060613
0 0.279344 0.429157 0.123864 0.065405
5 0.220729 0.211610 0.093843 0.008567
0 0.774601 0.386184 0.122895 0.068007
0 0.683762 0.544375 0.087650 0.061437
3 0.634178 0.892741 0.116049 0.063680
7 0.478236 0.515791 0.078080 0.050891
7 0.202526 0.897528 0.108479 0.066354
5 0.633378 0.222607 0.065413 0.005798
7 0.711878 0.105264 0.156175 0.071926
5 0.212435 0.170872 0.137108 0.006459
7 0.716348 0.238596 0.111360 0.071931
7 0.555042 0.122808 0.129287 0.071931
5 0.531904 0.556929 0.005402 0.063335
7 0.886698 0.907034 0.094584 0.050867
5 0.178865 0.168589 0.148367 0.006464
5 0.161315 0.845695 0.037364 0.010431
0 0.375178 0.311409 0.125462 0.078955
7 0.067951 0.165750 0.096014 0.071931
7 0.272122 0.212281 0.096014 0.071931
5 0.132077 0.723498 0.051161 0.007724
7 0.955755 0.566667 0.078077 0.050891
0 0.807252 0.735089 0.157469 0.075467
7 0.801888 0.855616 0.119860 0.056857
5 0.460255 0.625079 0.002979 0.026181
5 0.156322 0.264372 0.059573 0.004978
5 0.462488 0.593795 0.002976 0.026181
5 0.910388 0.575980 0.027175 0.004935
7 0.418066 0.575438 0.078077 0.050886
5 0.913295 0.601265 0.027178 0.004935
3 0.157552 0.786097 0.124196 0.065180
7 0.085212 0.087719 0.096017 0.071931
3 0.605984 0.311739 0.127472 0.064399
7 0.414226 0.640352 0.078080 0.050891
5 0.512738 0.564724 0.003643 0.058438
7 0.277888 0.126315 0.117790 0.071931
7 0.920542 0.471931 0.078077 0.050886
5 0.712886 0.914839 0.037465 0.007111
3 0.190857 0.311380 0.117238 0.065405
7 0.835414 0.503510 0.097297 0.050891
5 0.871787 0.524411 0.065545 0.005898
2 0.075647 0.249145 0.099406 0.061490
2 0.497073 0.203028 0.077930 0.056636
5 0.182414 0.353591 0.003017 0.028543
5 0.280367 0.314662 0.060035 0.018112
5 0.488944 0.315182 0.089895 0.022918
5 0.442220 0.370364 0.343601 0.020556
5 0.726446 0.315647 0.109276 0.014811
5 0.683502 0.416890 0.006703 0.189315
5 0.612413 0.578172 0.007902 0.080455
5 0.775385 0.503809 0.011049 0.171874
5 0.719128 0.813445 0.182297 0.017700
5 0.525575 0.855462 0.009619 0.061476
5 0.526661 0.697532 0.010105 0.098754
5 0.156045 0.579379 0.010986 0.320426
5 0.825767 0.658323 0.043500 0.013972
