7 0.338154 0.729744 0.110769 0.077190
7 0.793590 0.532487 0.107795 0.069179
7 0.794667 0.351062 0.180103 0.069097
7 0.335897 0.440410 0.129641 0.070769
7 0.113810 0.360769 0.127456 0.064718
7 0.114005 0.440862 0.127826 0.066338
7 0.114005 0.520959 0.127826 0.064728
7 0.113195 0.684390 0.126205 0.067959
7 0.114005 0.774195 0.127826 0.066338
7 0.701379 0.657692 0.131067 0.069579
7 0.886656 0.657692 0.129456 0.066338
7 0.698954 0.224841 0.129456 0.067959
7 0.886656 0.226462 0.129456 0.067959
0 0.580026 0.534718 0.105179 0.085764
0 0.335682 0.587303 0.111651 0.087385
0 0.579210 0.350251 0.110031 0.088995
5 0.749154 0.596579 0.008031 0.088031
5 0.837067 0.595497 0.008574 0.088062
5 0.231277 0.704979 0.103928 0.012195
5 0.222308 0.440872 0.083877 0.006995
5 0.744405 0.285328 0.089795 0.011867
5 0.843118 0.285262 0.015303 0.084985
5 0.229944 0.752467 0.008851 0.107067
5 0.220636 0.484882 0.014010 0.098400
5 0.219831 0.396933 0.105733 0.014092
5 0.463221 0.394533 0.011733 0.139528
5 0.464215 0.487846 0.011733 0.139528
5 0.668154 0.349538 0.069026 0.012718
5 0.685846 0.534154 0.102974 0.010872
5 0.334759 0.507964 0.014154 0.071518
5 0.335077 0.665128 0.014974 0.058256
